0 75 19 38 44 0 0 0 94 88 
75 0 69 88 94 0 0 0 44 38 
19 69 0 94 75 0 0 0 0 0 
38 88 94 0 94 0 0 0 0 0 
44 94 75 94 0 0 0 0 0 0 
0 0 0 0 0 0 94 75 44 38 
0 0 0 0 0 94 0 94 38 44 
0 0 0 0 0 75 94 0 19 38 
94 44 0 0 0 44 38 19 0 94 
88 38 0 0 0 38 44 38 94 0
